mean: -0.004557282663881779
std: 0.42297786474227905