mean: -0.009997223503887653
std: 0.7290814518928528