mean: -0.009867478162050247
std: 0.5253699421882629