mean: -0.0538741797208786
std: 1.1040657758712769