mean: -0.002925432287156582
std: 0.20328715443611145