mean: 0.05377690866589546
std: 0.26342928409576416