mean: 0.3070962727069855
std: 0.594415009021759