mean: 0.9499804973602295
std: 0.9763307571411133