mean: 0.0046079158782958984
std: 0.42307358980178833