mean: 0.03567760810256004
std: 1.4904453754425049