mean: 0.0027342678513377905
std: 0.5116434097290039