mean: -0.0027139796875417233
std: 0.5528054237365723