mean: 0.006207820028066635
std: 0.17115524411201477