mean: -0.0013709429185837507
std: 0.6864669919013977