mean: 0.01737784408032894
std: 0.720212459564209