mean: 0.0016062803333625197
std: 0.6121972799301147