mean: 0.09464135766029358
std: 0.14111340045928955