mean: -0.008510075509548187
std: 0.468290776014328