mean: -0.0017848564311861992
std: 0.044166937470436096