mean: -0.02291009947657585
std: 0.954893171787262