mean: 0.04888958856463432
std: 0.222685769200325