mean: 0.922695517539978
std: 0.9341731071472168