mean: -0.0005047220038250089
std: 0.22246044874191284