mean: -0.3362257480621338
std: 13.940604209899902